0          1
1          1
2          8
3          8
4          22
5          22
6          22
7          22
8          50
9          50
10          50
11          50
12          50
13          50
14          50
15          50
16          106
17          106
18          106
19          106
20          106
21          106
22          106
23          106
24          106
25          106
26          106
27          106
28          106
29          106
30          106
31          106
32          218
33          218
34          218
35          218
36          218
37          218
38          218
39          218
40          218
41          218
42          218
43          218
44          218
45          218
46          218
47          218
48          218
49          218
50          218
51          218
52          218
53          218
54          218
55          218
56          218
57          218
58          218
59          218
60          218
61          218
62          218
63          218
64          442
65          442
66          442
67          442
68          442
69          442
70          442
71          442
72          442
73          442
74          442
75          442
76          442
77          442
78          442
79          442
80          442
81          442
82          442
83          442
84          442
85          442
86          442
87          442
88          442
89          442
90          442
91          442
92          442
93          442
94          442
95          442
96          442
97          442
98          442
99          442
100          442
101          442
102          449
103          449
104          463
105          463
106          463
107          463
108          491
109          491
110          491
111          491
112          491
113          491
114          491
115          491
116          547
117          547
118          547
119          547
120          547
121          547
122          547
123          547
124          547
125          547
126          547
127          547
128          995
129          995
130          995
131          995
132          1107
133          1107
134          1107
135          1107
136          1107
137          1107
138          1107
139          1107
140          1107
141          1107
142          1107
143          1107
144          1107
145          1107
146          1107
147          1107
148          1107
149          1107
150          1107
151          1107
152          1107
153          1107
154          1107
155          1107
156          1107
157          1107
158          1107
159          1107
160          1107
161          1107
162          1107
163          1107
164          1331
165          1331
166          1331
167          1331
168          1331
169          1331
170          1331
171          1331
172          1331
173          1331
174          1331
175          1331
176          1331
177          1331
178          1331
179          1331
180          1331
181          1331
182          1331
183          1331
184          1331
185          1331
186          1331
187          1331
188          1331
189          1331
190          1331
191          1331
192          1331
193          1331
194          1331
195          1331
196          1331
197          1331
198          1331
199          1331
200          1331
201          1331
202          1338
203          1338
204          1366
205          1366
206          1366
207          1366
208          1422
209          1422
210          1422
211          1422
212          1422
213          1422
214          1422
215          1422
216          1534
217          1534
218          1534
219          1534
220          1534
221          1534
222          1534
223          1534
224          1534
225          1534
226          1534
227          1534
228          1982
229          1982
230          1982
231          1982
232          2206
233          2206
234          2206
235          2206
236          2206
237          2206
238          2206
239          2206
240          2206
241          2206
242          2206
243          2206
244          2206
245          2206
246          2206
247          2206
248          2206
249          2206
250          2206
251          2206
252          2206
253          2206
254          2206
255          2206
256          3102
257          3102
258          3102
259          3102
260          3102
261          3102
262          3102
263          3102
264          3550
265          3550
266          3550
267          3550
268          3550
269          3550
270          3550
271          3550
272          3550
273          3550
274          3550
275          3550
276          3550
277          3550
278          3550
279          3550
280          3550
281          3550
282          3550
283          3550
284          3550
285          3550
286          3550
287          3550
288          3550
289          3550
290          3550
291          3550
292          3550
293          3550
294          3550
295          3550
296          3550
297          3550
298          3550
299          3550
300          3550
301          3550
302          3557
303          3557
304          3585
305          3585
306          3585
307          3585
308          3641
309          3641
310          3641
311          3641
312          3641
313          3641
314          3641
315          3641
316          3753
317          3753
318          3753
319          3753
320          3753
321          3753
322          3753
323          3753
324          3753
325          3753
326          3753
327          3753
328          4649
329          4649
330          4649
331          4649
332          4873
333          4873
334          4873
335          4873
336          4873
337          4873
338          4873
339          4873
340          4873
341          4873
342          4873
343          4873
344          4873
345          4873
346          4873
347          4873
348          4873
349          4873
350          4873
351          4873
352          4873
353          4873
354          4873
355          4873
356          5769
357          5769
358          5769
359          5769
360          5769
361          5769
362          5769
363          5769
364          6217
365          6217
366          6217
367          6217
368          6217
369          6217
370          6217
371          6217
372          6217
373          6217
374          6217
375          6217
376          6217
377          6217
378          6217
379          6217
380          6217
381          6217
382          6217
383          6217
384          6217
385          6217
386          6217
387          6217
388          6217
389          6217
390          6217
391          6217
392          6217
393          6217
394          6217
395          6217
396          6217
397          6217
398          6217
399          6217
400          6217
401          6217
402          6224
403          6224
404          6266
405          6266
406          6266
407          6266
408          6378
409          6378
410          6378
411          6378
412          6378
413          6378
414          6378
415          6378
416          6602
417          6602
418          6602
419          6602
420          6602
421          6602
422          6602
423          6602
424          6602
425          6602
426          6602
427          6602
428          7498
429          7498
430          7498
431          7498
432          7946
433          7946
434          7946
435          7946
436          7946
437          7946
438          7946
439          7946
440          7946
441          7946
442          7946
443          7946
444          7946
445          7946
446          7946
447          7946
448          7946
449          7946
450          7946
451          7946
452          7946
453          7946
454          7946
455          7946
456          9738
457          9738
458          9738
459          9738
460          9738
461          9738
462          9738
463          9738
464          10634
465          10634
466          10634
467          10634
468          10634
469          10634
470          10634
471          10634
472          10634
473          10634
474          10634
475          10634
476          10634
477          10634
478          10634
479          10634
480          10634
481          10634
482          10634
483          10634
484          10634
485          10634
486          10634
487          10634
488          10634
489          10634
490          10634
491          10634
492          10634
493          10634
494          10634
495          10634
496          10634
497          10634
498          10634
499          10634
500          10634
501          10634
502          10641
503          10641
504          10683
505          10683
506          10683
507          10683
508          10795
509          10795
510          10795
511          10795
512          12587
513          12587
514          12587
515          12587
516          12811
517          12811
518          12811
519          12811
520          12811
521          12811
522          12811
523          12811
524          12811
525          12811
526          12811
527          12811
528          14603
529          14603
530          14603
531          14603
532          15051
533          15051
534          15051
535          15051
536          15051
537          15051
538          15051
539          15051
540          15051
541          15051
542          15051
543          15051
544          15051
545          15051
546          15051
547          15051
548          15051
549          15051
550          15051
551          15051
552          15051
553          15051
554          15051
555          15051
556          16843
557          16843
558          16843
559          16843
560          16843
561          16843
562          16843
563          16843
564          17739
565          17739
566          17739
567          17739
568          17739
569          17739
570          17739
571          17739
572          17739
573          17739
574          17739
575          17739
576          17739
577          17739
578          17739
579          17739
580          17739
581          17739
582          17739
583          17739
584          17739
585          17739
586          17739
587          17739
588          17739
589          17739
590          17739
591          17739
592          17739
593          17739
594          17739
595          17739
596          17739
597          17739
598          17739
599          17739
600          17739
601          17739
602          17746
603          17746
604          17802
605          17802
606          17802
607          17802
608          17970
609          17970
610          17970
611          17970
612          19762
613          19762
614          19762
615          19762
616          20098
617          20098
618          20098
619          20098
620          20098
621          20098
622          20098
623          20098
624          20098
625          20098
626          20098
627          20098
628          21890
629          21890
630          21890
631          21890
632          22562
633          22562
634          22562
635          22562
636          22562
637          22562
638          22562
639          22562
640          22562
641          22562
642          22562
643          22562
644          22562
645          22562
646          22562
647          22562
648          22562
649          22562
650          22562
651          22562
652          22562
653          22562
654          22562
655          22562
656          26146
657          26146
658          26146
659          26146
660          26146
661          26146
662          26146
663          26146
664          27490
665          27490
666          27490
667          27490
668          27490
669          27490
670          27490
671          27490
672          27490
673          27490
674          27490
675          27490
676          27490
677          27490
678          27490
679          27490
680          27490
681          27490
682          27490
683          27490
684          27490
685          27490
686          27490
687          27490
688          27490
689          27490
690          27490
691          27490
692          27490
693          27490
694          27490
695          27490
696          27490
697          27490
698          27490
699          27490
700          27490
701          27490
702          27497
703          27497
704          27553
705          27553
706          27553
707          27553
708          27721
709          27721
710          27721
711          27721
712          31305
713          31305
714          31305
715          31305
716          31641
717          31641
718          31641
719          31641
720          31641
721          31641
722          31641
723          31641
724          31641
725          31641
726          31641
727          31641
728          34329
729          34329
730          34329
731          34329
732          35001
733          35001
734          35001
735          35001
736          35001
737          35001
738          35001
739          35001
740          35001
741          35001
742          35001
743          35001
744          35001
745          35001
746          35001
747          35001
748          35001
749          35001
750          35001
751          35001
752          35001
753          35001
754          35001
755          35001
756          38585
757          38585
758          38585
759          38585
760          38585
761          38585
762          38585
763          38585
764          39929
765          39929
766          39929
767          39929
768          39929
769          39929
770          39929
771          39929
772          39929
773          39929
774          39929
775          39929
776          39929
777          39929
778          39929
779          39929
780          39929
781          39929
782          39929
783          39929
784          39929
785          39929
786          39929
787          39929
788          39929
789          39929
790          39929
791          39929
792          39929
793          39929
794          39929
795          39929
796          39929
797          39929
798          39929
799          39929
800          39929
801          39929
802          39936
803          39936
804          40006
805          40006
806          40006
807          40006
808          40258
809          40258
810          40258
811          40258
812          43842
813          43842
814          43842
815          43842
816          44402
817          44402
818          44402
819          44402
820          44402
821          44402
822          44402
823          44402
824          44402
825          44402
826          44402
827          44402
828          47090
829          47090
830          47090
831          47090
832          48210
833          48210
834          48210
835          48210
836          48210
837          48210
838          48210
839          48210
840          48210
841          48210
842          48210
843          48210
844          48210
845          48210
846          48210
847          48210
848          48210
849          48210
850          48210
851          48210
852          48210
853          48210
854          48210
855          48210
856          53586
857          53586
858          53586
859          53586
860          53586
861          53586
862          53586
863          53586
864          55826
865          55826
866          55826
867          55826
868          55826
869          55826
870          55826
871          55826
872          55826
873          55826
874          55826
875          55826
876          55826
877          55826
878          55826
879          55826
880          55826
881          55826
882          55826
883          55826
884          55826
885          55826
886          55826
887          55826
888          55826
889          55826
890          55826
891          55826
892          55826
893          55826
894          55826
895          55826
896          55826
897          55826
898          55826
899          55826
900          55826
901          55826
902          55833
903          55833
904          55903
905          55903
906          55903
907          55903
908          56155
909          56155
910          56155
911          56155
912          63323
913          63323
914          63323
915          63323
916          63883
917          63883
918          63883
919          63883
920          63883
921          63883
922          63883
923          63883
924          63883
925          63883
926          63883
927          63883
928          68363
929          68363
930          68363
931          68363
932          69483
933          69483
934          69483
935          69483
936          69483
937          69483
938          69483
939          69483
940          69483
941          69483
942          69483
943          69483
944          69483
945          69483
946          69483
947          69483
948          69483
949          69483
950          69483
951          69483
952          69483
953          69483
954          69483
955          69483
956          74859
957          74859
958          74859
959          74859
960          74859
961          74859
962          74859
963          74859
964          77099
965          77099
966          77099
967          77099
968          77099
969          77099
970          77099
971          77099
972          77099
973          77099
974          77099
975          77099
976          77099
977          77099
978          77099
979          77099
980          77099
981          77099
982          77099
983          77099
984          77099
985          77099
986          77099
987          77099
988          77099
989          77099
990          77099
991          77099
992          77099
993          77099
994          77099
995          77099
996          77099
997          77099
998          77099
999          77099
1000          77099
1001          77099
1002          77106
1003          77106
1004          77190
1005          77190
1006          77190
1007          77190
1008          77526
1009          77526
1010          77526
1011          77526
1012          84694
1013          84694
1014          84694
1015          84694
1016          85478
1017          85478
1018          85478
1019          85478
1020          85478
1021          85478
1022          85478
1023          85478
1024          89062
